29.8364732
33.5778273
13.7734408
14.7386103
68.7035081
44.3522820
18.0491601
41.2515552
27.8686652
82.7427796
54.6213341
12.1264727
86.2043697
68.4377340
42.8985236
88.8549749
43.5479771
86.8652972
64.1524877
48.4688052
41.8808983
32.0045025
38.9724753
71.2527006
75.8558715
43.5794506
22.6453525
44.7579383
7.8062558
17.6924762
63.7048804
57.3628625
40.2933799
65.7671294
25.9034652
12.9902275
7.8761969
39.0389194
52.2968129
45.2770320
30.2421315
1.2953986
65.3754747
82.9700726
36.4162906
66.0468917
24.8168631
51.9262501
44.1494529
46.3331250
39.3466584
48.3429114
49.4093859
16.4161802
83.1903869
29.9973378
63.9496587
70.3364900
28.3197696
46.3401191
41.1536379
28.9002787
50.5274478
42.3215115
14.3294569
32.3157383
43.6563839
1.7744775
49.3079713
64.2119357
17.6155410
89.2001847
43.4955212
38.9444989
48.2100232
84.5541094
60.4013110
15.7727377
29.8329762
31.0638124
5.5088374
23.1419166
19.4222151
35.3506894
86.1134462
56.9816856
19.0235666
82.4770055
67.8966890
35.9102162
5.6207432
36.7974676
41.9788159
35.1024143
9.7181266
47.9827165
22.6733133
38.3500154
53.2025324
31.4275041
