338.656250
335.593750
327.078125
123.718750
90.031250
101.359375
359.968750
315.031250
180.031250
45.031250
337.531250
326.218750
180.031250
179.968750
46.828125
270.031250
0.031250
26.687500
89.968750
45.031250
45.031250
71.750000
144.640625
306.593750
0.031250
255.562500
242.125000
89.968750
225.031250
345.359375
269.968750
0.031250
120.453125
207.203125
126.015625
270.031250
146.875000
179.968750
331.843750
90.031250
315.031250
337.531250
335.640625
89.968750
315.031250
0.031250
206.062500
269.968750
0.031250
270.031250
348.781250
29.375000
311.718750
247.468750
211.593750
225.031250
89.968750
180.031250
109.562500
359.968750
270.031250
0.031250
292.468750
331.906250
270.031250
359.968750
179.968750
335.859375
74.921875
270.031250
180.031250
359.968750
359.968750
205.781250
222.218750
253.156250
270.031250
90.031250
153.343750
216.156250
236.281250
41.078125
30.156250
154.968750
90.031250
89.968750
179.968750
73.781250
269.968750
157.468750
180.031250
231.750000
292.468750
292.531250
359.968750
168.781250
112.468750
22.531250
156.375000
0.031250
