0000011011001000
1010000101001111
0110011111000111
1010110100000100
1110110001101011
1001110101001000
0111100101110011
0101001110101100
1101001111010001
0111111010100111
1001001110010010
0111001111011011
1101011111000011
1010111111100011
0011110010011110
1001001000111101
1111011011011000
1100100101100011
0101110011101100
1011101101100111
1111110110010111
1010101100100110
0011101110101010
1101111100111001
0100011111110001
0100000101100001
0110000001011100
1000111100011111
0111111010110101
0000011001110111
0010000100011000
1110010000001101
1000111111000101
1011011000101101
0101011101011101
0110001001100110
1110110100001011
1100000111110000
1001001010100111
0000001010010011
0000001111011000
0010001111111010
1100001000111000
0101001101101111
1100111110101010
0011101100100111
1101010100000100
1100000010100001
1010001011111100
1110011100000110
0010000100110010
0000010110011010
1010110001111100
0001110010010001
1011100011101111
1011111011000000
1000100111110110
0101001010011011
0000100111110100
1011001010000001
0010011100011101
0001000000101000
0011111111001000
1000010100110000
0001111101110110
0110000011001001
1000000000100101
1110110001101010
0011110011011011
1010100100101101
1001111110111011
1000001001101011
1111000110001111
1001001011010111
1010101011100000
1100001000111100
0111110111010001
0001101100010100
0000101100111100
1101111111000100
1101110111101001
1010101000100011
1111010100101001
1111100100101001
1000011101101000
1010111100000110
1010011110010001
1101011101101000
1100111001001011
0011010011001100
1111110101101011
1010101110000001
1110011110011100
1000110111110010
0011100010010110
0011101100010010
0110010010110000
0000101011111000
0001111111001100
0010000110100001
