0101000100110110
0000000011100101
1110100001111110
1110111001110110
1111110101011000
1100010011011011
0111010000101111
1101010101100100
1101001010000110
0100000000111110
1010101110011000
1001000100010001
1110011010110110
0110010001110000
0010111111110100
0111001000010011
1000010000001001
1010001010011010
0011000111110100
0001001100011111
0110100100001100
1110111111010010
0100100100100100
1011100100111010
1011111101101110
1011011001000001
0010000110110111
0100110010010100
1100001111111011
0011010010111101
1101100001110101
0001110011000101
0101101001100100
0010101100111110
0000100011101000
0111111001111111
0100010100101011
1110000011111101
0100100100010100
0011110000101001
0110011010110100
0110001010101100
1001010101000111
0001100011001110
0101101101101111
0010110010011010
1100000101111000
0111011101101010
0101111001110111
1110110110010110
1001010000101011
0001111000100110
1001100111110011
1100010010101011
1011001010001011
0011011111001100
0001101010010100
0011001011100101
1011000100100000
0011011010010111
0111010110011001
1101000000110101
1101100111100011
0011100000000111
0101110010110101
1011101010010000
1011010001000110
1000001100010011
0001101010000010
1000111001111101
1101011111011101
1001000001110010
0011001111001010
1000110011001101
0100011001001001
0001011100101010
1010110101010101
0101001011001110
0100011000011000
0000011101001110
1111000011001110
1101111010010010
1000110000101000
1110010110101000
0100111101001100
0001011011001101
1100101100111101
0010111000001011
1110100110000100
0010101010010111
1110100101010000
0111010000100110
1110110110110101
0000100101001100
1000010001000101
1111110010100010
1100100110110000
1110100100010110
0101100010100110
0001111001111110
