269.968750
335.625000
270.031250
180.031250
179.968750
264.343750
134.968750
135.031250
348.265625
89.968750
109.937500
32.203125
89.968750
90.031250
42.406250
305.914063
47.945313
359.968750
134.968750
179.968750
269.968750
90.031250
270.031250
270.031250
225.031250
211.359375
270.031250
180.031250
292.468750
89.968750
112.468750
6.203125
89.968750
179.968750
21.640625
0.031250
89.968750
259.234375
89.968750
294.031250
0.031250
321.781250
89.968750
202.531250
44.968750
314.968750
351.609375
359.968750
202.531250
179.968750
148.578125
281.281250
269.968750
90.031250
269.968750
118.906250
127.828125
89.968750
179.968750
269.968750
74.781250
232.000000
269.968750
18.406250
9.281250
89.968750
179.968750
337.828125
214.062500
90.031250
90.031250
317.734375
0.031250
90.031250
202.468750
270.031250
119.921875
269.968750
202.531250
180.031250
225.031250
134.968750
236.453125
247.468750
179.968750
90.031250
180.031250
90.031250
157.531250
199.054688
139.968750
239.218750
45.031250
359.968750
247.468750
359.968750
90.031250
180.031250
236.281250
90.031250
