1111010000100001
0000100001100110
0111011100001010
1000010111101001
1111111111101000
1100110010000011
1011101101010100
1100110110111001
0000010000101110
0011110010010010
1010010100110101
0011000010011101
0000101100011101
1010110000000010
0001101001000000
0000110111001110
0000110001010010
0110110100010001
1000011111000001
1110011011001000
1100000110111010
1000100010101100
0111001010111100
0111111101100011
1111010011110111
1000110100101101
0110111011000010
1010010100011010
0110011011101001
0001100000011110
1001100001110110
0101011100001010
0100111000011001
1111111111111011
0011000001100010
0111000010101111
0101010110100100
1111101110111101
0101000101001011
0011010110010100
0110010001110101
0010110001101100
0110000111000011
1000000101011100
0101000110000011
0111010111101100
0000000010100111
0110000000100011
1000001101110010
1111010001001111
1101101010100101
0101011100110001
1111011101001110
1000000110110100
1111101111011001
1100101010111100
1101000101011000
0100000111101111
1010001011110101
1110011000101000
0000011110011110
1110010101000011
1011111110110010
0011010001011100
0101100111011001
0101011111100001
1011011101000111
0001011001010011
1100000101100001
1010010011001010
1011101111000111
0010000100011000
0101100110011100
1011010100001110
1001010111000010
0110101000100110
1101000010100101
1111111100001101
1000100101101111
1001111100111011
1101100001111101
1000000100001001
1110100110101011
1101111010011010
1011110111010111
1001010011001011
1011001101000101
1001001101101010
1101110101001010
1100001010001011
1101100011010100
1101111100000110
0000110100011010
0000110010001000
1101101000010011
0101011101110111
1011100101011001
1010110011001101
1101110011100100
1010100000011010
