1010000010010001
1110100110100100
1111111001100000
1010100010011110
0101101110110101
1010001001101011
0011101010100100
0011110010001101
1101000000011100
0110001110100101
0010011001100111
0001110010101000
0101001010110100
0100101110101110
0001100011011101
1111011001000100
0000110100111000
1000111001000000
0001001110001111
0101101100101110
1000100101100000
0110111000110100
1011000110011000
1010110011100111
1000010101101001
1110001100011010
1010110111100110
1010011011011111
1101110010000101
0110010000011001
0010011010010101
0011001100101101
0110000000101011
0111010101110001
0000111101010100
0110000100100110
0110011101110101
1011111111000100
0110111101110001
1110110001011011
0011011001011010
1100011101100100
0111000100010111
1101011110101100
0010101101101000
1111010010011000
1101000101001001
1001010000011111
1101011011010001
0110101100011100
0100000111100001
1101001000011000
1010011011110110
0011001001100111
1001110111111110
0001101001100001
0010001111110111
0101001000010100
0110000010011010
1010010110001110
0010111000000000
1101110110001100
1000100010000000
0000110010000111
0011000100010000
0101100110110010
0111000001111100
1011110001010101
1101011110001111
0001111000110100
0011111111001011
1101110011011011
0100101111010000
0100010010101111
1101011001000111
1111010110001010
0001100011001001
1010000101000000
1101100011010111
1110010101111100
1011011110000101
0001001100001010
1101110010011110
1001011011011111
0100110001110101
0101101100100001
1011010011001000
0000101010001010
0110011100001100
1111000001011001
0010110111110101
1100001111000111
0111110100100100
1010100000010000
1011100011010000
1010010110110111
0011101110001100
1011101100101010
1000000000011000
0000100110011101
